Sample	FastQC_mqc-generalstats-fastqc-percent_duplicates	FastQC_mqc-generalstats-fastqc-percent_gc	FastQC_mqc-generalstats-fastqc-avg_sequence_length	FastQC_mqc-generalstats-fastqc-percent_fails	FastQC_mqc-generalstats-fastqc-total_sequences
G04873-L1_S1_L001_R1_001_trimmed_cutadapt	70.90619272294829	32.0	93.20743593000319	18.181818181818183	10802092.0
G04874-L1_S2_L001_R1_001_trimmed_cutadapt	73.87009077186167	33.0	95.16774845480606	18.181818181818183	10007967.0
G04875-L1_S3_L001_R1_001_trimmed_cutadapt	73.10223604679662	31.0	94.5223279384038	18.181818181818183	11123284.0
G04876-L1_S4_L001_R1_001_trimmed_cutadapt	71.40995375428724	32.0	95.2875380702329	18.181818181818183	11455144.0
G04877-L1_S5_L001_R1_001_trimmed_cutadapt	70.92914453409338	32.0	94.56028684995518	18.181818181818183	11178806.0
G04878-L1_S6_L001_R1_001_trimmed_cutadapt	71.79453713147245	32.0	95.03494084584199	18.181818181818183	11478314.0
G04879-L1_S7_L001_R1_001_trimmed_cutadapt	69.65866660679005	31.0	95.3648517607735	18.181818181818183	8204576.0
G04880-L1_S8_L001_R1_001_trimmed_cutadapt	72.7453385949776	32.0	93.82956565519564	18.181818181818183	9422514.0
G04881-L1_S9_L001_R1_001_trimmed_cutadapt	75.53058014166322	33.0	93.83921790565083	18.181818181818183	14254137.0
G04882-L1_S10_L001_R1_001_trimmed_cutadapt	72.68251345125145	31.0	94.93992286820931	18.181818181818183	12000240.0
G04883-L1_S11_L001_R1_001_trimmed_cutadapt	76.95722282199888	31.0	95.78274124527653	18.181818181818183	12907061.0
G04884-L1_S12_L001_R1_001_trimmed_cutadapt	81.78659339208133	34.0	81.64628194085559	36.36363636363637	5834025.0
G04885-L1_S13_L001_R1_001_trimmed_cutadapt	73.0863691995843	31.0	96.35416326089437	18.181818181818183	10038105.0
G04886-L1_S14_L001_R1_001_trimmed_cutadapt	71.13101716974973	31.0	95.25915912729089	18.181818181818183	10469147.0
G04887-L1_S15_L001_R1_001_trimmed_cutadapt	69.62560147757576	31.0	95.06097325242115	18.181818181818183	8308266.0
G04888-L1_S16_L001_R1_001_trimmed_cutadapt	72.29068164818081	31.0	94.99029385080631	18.181818181818183	10478821.0
G04889-L1_S17_L001_R1_001_trimmed_cutadapt	74.44588328339259	33.0	94.6526810828567	18.181818181818183	9211819.0
G04890-L1_S18_L001_R1_001_trimmed_cutadapt	72.65864026716218	33.0	94.60772543269402	18.181818181818183	9497358.0
G04891-L1_S19_L002_R1_001_trimmed_cutadapt	73.15348935485028	32.0	95.46026658533859	18.181818181818183	11305648.0
G04892-L1_S20_L002_R1_001_trimmed_cutadapt	75.40081798330282	33.0	95.51329364585949	18.181818181818183	12465730.0
G04893-L1_S21_L002_R1_001_trimmed_cutadapt	75.06825392205113	33.0	93.04851783128576	27.27272727272727	11091180.0
G04894-L1_S22_L002_R1_001_trimmed_cutadapt	78.36313615278368	30.0	96.385772124617	18.181818181818183	5775648.0
G04895-L1_S23_L002_R1_001_trimmed_cutadapt	77.21281112610068	32.0	95.19414829406638	18.181818181818183	11262015.0
G04896-L1_S24_L002_R1_001_trimmed_cutadapt	77.76427031979668	32.0	95.34776977989682	18.181818181818183	19853870.0
G04897-L1_S25_L002_R1_001_trimmed_cutadapt	77.22774278608968	34.0	94.58871240642344	27.27272727272727	11690428.0
G04898-L1_S26_L002_R1_001_trimmed_cutadapt	72.61116548202531	32.0	95.44278081920717	18.181818181818183	11037208.0
G04899-L1_S27_L002_R1_001_trimmed_cutadapt	76.0863705825337	32.0	95.86151231116635	18.181818181818183	11376217.0
G04900-L1_S28_L002_R1_001_trimmed_cutadapt	77.56525574299548	32.0	96.34830836077026	18.181818181818183	12768680.0
G04901-L1_S29_L002_R1_001_trimmed_cutadapt	71.78726447509614	33.0	95.840557443576	18.181818181818183	9405795.0
G04902-L1_S30_L002_R1_001_trimmed_cutadapt	74.34706109504555	33.0	96.0713573077402	18.181818181818183	10824988.0
G04903-L1_S31_L002_R1_001_trimmed_cutadapt	70.0752687335928	33.0	95.80468066411291	18.181818181818183	6257189.0
G04904-L1_S32_L002_R1_001_trimmed_cutadapt	74.2087087430906	34.0	94.394981071933	18.181818181818183	8502453.0
G04905-L1_S33_L002_R1_001_trimmed_cutadapt	73.78866744904275	33.0	94.27999848329587	18.181818181818183	10470071.0
G04906-L1_S34_L002_R1_001_trimmed_cutadapt	74.03358490559454	32.0	94.77463195626716	18.181818181818183	9549069.0
G04907-L1_S35_L002_R1_001_trimmed_cutadapt	72.65143040071958	33.0	94.0902864806547	18.181818181818183	9154859.0
G04908-L1_S36_L002_R1_001_trimmed_cutadapt	74.96627306320005	34.0	94.29323059728833	27.27272727272727	8884905.0
G04909-L1_S37_L003_R1_001_trimmed_cutadapt	71.47183406573795	31.0	95.7249659081106	18.181818181818183	7778243.0
G04910-L1_S38_L003_R1_001_trimmed_cutadapt	73.4427364077469	31.0	95.87193315592853	18.181818181818183	11813284.0
G04911-L1_S39_L003_R1_001_trimmed_cutadapt	70.74657921475497	31.0	95.1867695420585	18.181818181818183	11533176.0
G04912-L1_S40_L003_R1_001_trimmed_cutadapt	70.41555260205999	32.0	95.15074126583409	18.181818181818183	10486319.0
G04913-L1_S41_L003_R1_001_trimmed_cutadapt	72.82483860965047	35.0	92.26280282506411	27.27272727272727	6701724.0
G04914-L1_S42_L003_R1_001_trimmed_cutadapt	75.57667212573509	34.0	94.17971819364956	18.181818181818183	13099208.0
G04915-L1_S43_L003_R1_001_trimmed_cutadapt	76.02502654709069	34.0	93.1802809643971	27.27272727272727	11679131.0
G04916-L1_S44_L003_R1_001_trimmed_cutadapt	74.62537366086917	33.0	94.06054980833515	18.181818181818183	9888355.0
G04917-L1_S45_L003_R1_001_trimmed_cutadapt	71.62115085755198	32.0	93.80201262429767	18.181818181818183	12203768.0
G04918-L1_S46_L003_R1_001_trimmed_cutadapt	74.74116321399514	32.0	94.54858276233902	18.181818181818183	8266574.0
G04919-L1_S47_L003_R1_001_trimmed_cutadapt	76.13434336685286	31.0	95.6014366039136	18.181818181818183	13260440.0
G04920-L1_S48_L003_R1_001_trimmed_cutadapt	73.41246063505838	33.0	95.59875852145073	18.181818181818183	12778634.0
G04921-L1_S49_L003_R1_001_trimmed_cutadapt	76.64788180624976	35.0	92.24831345102044	27.27272727272727	11856015.0
G04922-L1_S50_L003_R1_001_trimmed_cutadapt	73.28151385986578	34.0	93.53620575180774	27.27272727272727	9267243.0
G04923-L1_S51_L003_R1_001_trimmed_cutadapt	74.26335732464169	33.0	93.07507716415829	18.181818181818183	10654558.0
G04924-L1_S52_L003_R1_001_trimmed_cutadapt	74.0513063278872	33.0	94.07904182541003	27.27272727272727	11057943.0
G04925-L1_S53_L003_R1_001_trimmed_cutadapt	70.8438611016783	32.0	94.44102871490279	18.181818181818183	12405614.0
G04926-L1_S54_L003_R1_001_trimmed_cutadapt	72.4291992854892	32.0	94.18356325075695	18.181818181818183	12887743.0
G04927-L1_S55_L004_R1_001_trimmed_cutadapt	71.14370423221862	33.0	94.63228230587298	18.181818181818183	8554296.0
G04928-L1_S56_L004_R1_001_trimmed_cutadapt	73.8520650465054	32.0	94.13501663848692	18.181818181818183	10116605.0
G04929-L1_S57_L004_R1_001_trimmed_cutadapt	71.61198177473655	34.0	92.86970066325443	27.27272727272727	8770390.0
G04930-L1_S58_L004_R1_001_trimmed_cutadapt	75.189868384142	33.0	93.13780811006741	18.181818181818183	13554166.0
G04931-L1_S59_L004_R1_001_trimmed_cutadapt	70.16177118161136	33.0	92.52757697110022	18.181818181818183	10316307.0
G04932-L1_S60_L004_R1_001_trimmed_cutadapt	71.60996345910033	33.0	93.71418851266237	18.181818181818183	10331985.0
G04933-L1_S61_L004_R1_001_trimmed_cutadapt	71.18225890688257	31.0	95.20941603259313	18.181818181818183	9251030.0
G04934-L1_S62_L004_R1_001_trimmed_cutadapt	70.87435509974392	32.0	94.42082347056412	18.181818181818183	11645225.0
G04935-L1_S63_L004_R1_001_trimmed_cutadapt	75.48772814026722	32.0	94.99398909877083	18.181818181818183	10344705.0
G04936-L1_S64_L004_R1_001_trimmed_cutadapt	71.0127203129675	32.0	95.71597516719298	18.181818181818183	10694079.0
G04937-L1_S65_L004_R1_001_trimmed_cutadapt	72.51505343526273	32.0	94.9089392135243	18.181818181818183	9531051.0
G04938-L1_S66_L004_R1_001_trimmed_cutadapt	73.04142008128062	33.0	94.34373006966456	18.181818181818183	10403425.0
G04939-L1_S67_L004_R1_001_trimmed_cutadapt	72.4884349397583	32.0	95.2919800202657	18.181818181818183	12337101.0
G04940-L1_S68_L004_R1_001_trimmed_cutadapt	69.01520976559462	32.0	94.21752489696959	18.181818181818183	10803122.0
G04941-L1_S69_L004_R1_001_trimmed_cutadapt	71.79638261934454	32.0	94.4564786158135	18.181818181818183	12850407.0
G04942-L1_S70_L004_R1_001_trimmed_cutadapt	72.33981471476552	30.0	95.01580766224461	18.181818181818183	7188729.0
G04943-L1_S71_L004_R1_001_trimmed_cutadapt	75.25207848436054	32.0	94.1060766598944	18.181818181818183	10992371.0
G04944-L1_S72_L004_R1_001_trimmed_cutadapt	76.01681881686254	32.0	94.1252620145789	18.181818181818183	13533121.0
G04945-L1_S73_L005_R1_001_trimmed_cutadapt	75.8126575355255	33.0	93.25952441507785	27.27272727272727	12192691.0
G04946-L1_S74_L005_R1_001_trimmed_cutadapt	72.24651823916824	33.0	94.17825816648183	18.181818181818183	11318797.0
G04947-L1_S75_L005_R1_001_trimmed_cutadapt	72.04381977660898	33.0	93.52248499144294	18.181818181818183	10352261.0
G04948-L1_S76_L005_R1_001_trimmed_cutadapt	72.77516510940328	33.0	92.57729191558907	27.27272727272727	11319625.0
G04949-L1_S77_L005_R1_001_trimmed_cutadapt	72.59288057993086	33.0	94.18284921188189	18.181818181818183	11085648.0
G04950-L1_S78_L005_R1_001_trimmed_cutadapt	72.79934773160869	31.0	94.69188941296599	18.181818181818183	12320070.0
G04951-L1_S79_L005_R1_001_trimmed_cutadapt	65.55365822904122	32.0	93.76971759480733	18.181818181818183	7218033.0
G04952-L1_S80_L005_R1_001_trimmed_cutadapt	71.38173761197896	32.0	93.76997136713912	18.181818181818183	11251408.0
G04953-L1_S81_L005_R1_001_trimmed_cutadapt	74.65908017919755	32.0	94.2834134680799	27.27272727272727	12457559.0
G04954-L1_S82_L005_R1_001_trimmed_cutadapt	72.31122599820588	32.0	94.56053107683243	18.181818181818183	9844150.0
G04955-L1_S83_L005_R1_001_trimmed_cutadapt	72.68591314279726	33.0	93.98313228579188	27.27272727272727	10858377.0
G04956-L1_S84_L005_R1_001_trimmed_cutadapt	71.62990500427553	32.0	94.43945830302857	18.181818181818183	11657957.0
G04957-L1_S85_L005_R1_001_trimmed_cutadapt	72.09669498875547	31.0	94.82046381136007	18.181818181818183	11129266.0
G04958-L1_S86_L005_R1_001_trimmed_cutadapt	73.74087233651298	32.0	94.80627944591649	18.181818181818183	10044262.0
G04959-L1_S87_L005_R1_001_trimmed_cutadapt	72.9570743213627	31.0	94.54728406946866	18.181818181818183	10146504.0
G04960-L1_S88_L005_R1_001_trimmed_cutadapt	73.74236281453975	31.0	94.69794076176011	18.181818181818183	10009818.0
G04961-L1_S89_L005_R1_001_trimmed_cutadapt	73.53279511006046	32.0	94.72466612760579	18.181818181818183	9970426.0
G04962-L1_S90_L005_R1_001_trimmed_cutadapt	73.44872682838268	33.0	93.17506657137672	27.27272727272727	10727959.0
G04963-L1_S91_L006_R1_001_trimmed_cutadapt	71.42261192374477	32.0	94.89516030449059	18.181818181818183	12082475.0
G04964-L1_S92_L006_R1_001_trimmed_cutadapt	70.1493476988926	31.0	95.48167481646651	18.181818181818183	9586125.0
G04965-L1_S93_L006_R1_001_trimmed_cutadapt	71.1017648771477	31.0	95.68427735088372	18.181818181818183	10924126.0
G04966-L1_S94_L006_R1_001_trimmed_cutadapt	68.94574756773137	30.0	95.82740863368984	18.181818181818183	8297889.0
G04967-L1_S95_L006_R1_001_trimmed_cutadapt	74.65625518782306	32.0	96.54413801509007	18.181818181818183	9427259.0
G04968-L1_S96_L006_R1_001_trimmed_cutadapt	74.01191601423892	31.0	96.87594196546031	18.181818181818183	10330262.0
G04969-L1_S97_L006_R1_001_trimmed_cutadapt	72.52037838920228	31.0	95.16383268912332	18.181818181818183	12808970.0
G04970-L1_S98_L006_R1_001_trimmed_cutadapt	72.28103143844173	31.0	95.92222670952943	18.181818181818183	10523510.0
G04971-L1_S99_L006_R1_001_trimmed_cutadapt	72.43144326810602	31.0	95.4232937326216	18.181818181818183	10110256.0
G04972-L1_S100_L006_R1_001_trimmed_cutadapt	70.56903671556327	32.0	94.76530748077668	18.181818181818183	12034606.0
G04973-L1_S101_L006_R1_001_trimmed_cutadapt	72.76746789193362	31.0	96.6124413472019	18.181818181818183	10274659.0
G04974-L1_S102_L006_R1_001_trimmed_cutadapt	74.63184910880165	31.0	96.65082843396732	18.181818181818183	10607665.0
G04975-L1_S103_L006_R1_001_trimmed_cutadapt	74.44496588319268	31.0	96.51358186749209	18.181818181818183	10723194.0
G04976-L1_S104_L006_R1_001_trimmed_cutadapt	74.81508955509082	31.0	96.60300709090653	18.181818181818183	9309529.0
G04977-L1_S105_L006_R1_001_trimmed_cutadapt	73.20731773984426	32.0	95.27319540936628	18.181818181818183	10564903.0
G04978-L1_S106_L006_R1_001_trimmed_cutadapt	71.88895731204093	31.0	95.03260330630053	18.181818181818183	10021775.0
G04979-L1_S107_L006_R1_001_trimmed_cutadapt	69.90701141860251	32.0	93.90531396802892	18.181818181818183	11417946.0
G04980-L1_S108_L006_R1_001_trimmed_cutadapt	71.91821337116833	32.0	94.54919546921084	18.181818181818183	11523114.0
G04981-L1_S109_L007_R1_001_trimmed_cutadapt	73.34887599121765	32.0	95.7463771411039	18.181818181818183	12359162.0
G04982-L1_S110_L007_R1_001_trimmed_cutadapt	56.729539632051456	32.0	96.09578316687409	18.181818181818183	3385313.0
G04983-L1_S111_L007_R1_001_trimmed_cutadapt	71.15632205270309	31.0	95.418938082727	18.181818181818183	10841805.0
G04984-L1_S112_L007_R1_001_trimmed_cutadapt	74.8982663152681	31.0	96.12577359765162	18.181818181818183	15436642.0
G04985-L1_S113_L007_R1_001_trimmed_cutadapt	74.2803528743961	31.0	96.1399808761667	18.181818181818183	11032307.0
G04986-L1_S114_L007_R1_001_trimmed_cutadapt	71.72568984441432	31.0	95.62551012253397	18.181818181818183	10711152.0
G04987-L1_S115_L007_R1_001_trimmed_cutadapt	73.07542107843254	31.0	96.13928526519629	18.181818181818183	10537195.0
G04988-L1_S116_L007_R1_001_trimmed_cutadapt	78.0316281527657	30.0	96.47362015950486	18.181818181818183	11079161.0
G04989-L1_S117_L007_R1_001_trimmed_cutadapt	75.76598043732014	31.0	96.31184858860166	18.181818181818183	12250227.0
G04990-L1_S118_L007_R1_001_trimmed_cutadapt	83.08736688626837	30.0	96.73894944742888	18.181818181818183	5461107.0
G04991-L1_S119_L007_R1_001_trimmed_cutadapt	72.72745466129336	30.0	96.47770692766494	18.181818181818183	9954191.0
G04992-L1_S120_L007_R1_001_trimmed_cutadapt	78.45084774884631	30.0	96.86757023235941	18.181818181818183	12489186.0
G04993-L1_S121_L007_R1_001_trimmed_cutadapt	75.3643567151436	31.0	96.0378740147915	18.181818181818183	12759355.0
G04994-L1_S122_L007_R1_001_trimmed_cutadapt	74.25405534068227	30.0	96.47714312716855	18.181818181818183	11046568.0
G04995-L1_S123_L007_R1_001_trimmed_cutadapt	75.961241730776	32.0	96.43271450997601	18.181818181818183	12250992.0
G04996-L1_S124_L007_R1_001_trimmed_cutadapt	73.56792234577918	32.0	95.65016545066025	18.181818181818183	13226904.0
G04997-L1_S125_L007_R1_001_trimmed_cutadapt	74.18908267303406	33.0	96.48041194973864	18.181818181818183	11488586.0
G04998-L1_S126_L007_R1_001_trimmed_cutadapt	73.88553396966044	32.0	95.17340008068413	18.181818181818183	13866418.0
G04999-L1_S127_L008_R1_001_trimmed_cutadapt	68.6983396419005	32.0	94.68068162127071	18.181818181818183	9216203.0
G05000-L1_S128_L008_R1_001_trimmed_cutadapt	69.76597007805873	31.0	94.81382725528408	18.181818181818183	9304493.0
G05001-L1_S129_L008_R1_001_trimmed_cutadapt	72.21646831031981	32.0	94.65417332988399	18.181818181818183	12562750.0
G05002-L1_S130_L008_R1_001_trimmed_cutadapt	72.53688112921476	31.0	95.72068424502984	18.181818181818183	10182025.0
G05003-L1_S131_L008_R1_001_trimmed_cutadapt	71.37609009240364	30.0	95.86802618750966	18.181818181818183	8493973.0
G05004-L1_S132_L008_R1_001_trimmed_cutadapt	72.85877061050167	31.0	95.90685395539047	18.181818181818183	10927442.0
G05005-L1_S133_L008_R1_001_trimmed_cutadapt	73.22738094991988	30.0	96.39476120126086	18.181818181818183	10367873.0
G05006-L1_S134_L008_R1_001_trimmed_cutadapt	71.05139895781686	30.0	96.36717868032595	18.181818181818183	9548964.0
G05007-L1_S135_L008_R1_001_trimmed_cutadapt	75.99883026979195	30.0	96.06719697725828	18.181818181818183	10469965.0
G05008-L1_S136_L008_R1_001_trimmed_cutadapt	79.09928953652519	29.0	96.94049858171938	18.181818181818183	12807409.0
G05009-L1_S137_L008_R1_001_trimmed_cutadapt	71.4576066316959	30.0	95.1061332173661	18.181818181818183	9657900.0
G05010-L1_S138_L008_R1_001_trimmed_cutadapt	70.43402423707168	31.0	95.1083862845326	18.181818181818183	9599877.0
G05011-L1_S139_L008_R1_001_trimmed_cutadapt	70.87033091949553	30.0	95.14033471196741	18.181818181818183	10641209.0
G05012-L1_S140_L008_R1_001_trimmed_cutadapt	69.10529688599193	30.0	94.77492331469622	18.181818181818183	8883710.0
G05013-L1_S141_L008_R1_001_trimmed_cutadapt	74.65809234403312	31.0	93.42525734185782	18.181818181818183	19186152.0
G05014-L1_S142_L008_R1_001_trimmed_cutadapt	79.7306764724589	30.0	96.46723747764484	18.181818181818183	4753938.0
G05015-L1_S143_L008_R1_001_trimmed_cutadapt	69.67428394546867	31.0	93.78622411420454	18.181818181818183	10781637.0
G05016-L1_S144_L008_R1_001_trimmed_cutadapt	73.5109274715553	31.0	95.85798924909544	18.181818181818183	12310406.0
